92.7618596562556
687.587239324167
600.081131838361
735.46305699197
810.97673024317
544.361976813604
563.479061222454
626.557166816072
891.268329758683
306.781906393748
256.535831229524
19.8732303676214
648.02753524022
498.469588018588
378.387001556139
96.0480687950155
323.330899497714
527.140672897315
308.024560830324
461.995232063061
584.969514533026
683.627863728822
679.899492126794
1078.6367528438
179.653124274798
247.014892957559
671.448812133131
478.291973437654
556.284653128186
446.003491348492
399.880187895165
540.013189555476
473.458410494105
657.263787299888
183.529496034171
760.99141407296
338.184005897648
333.168950470989
541.095836797735
684.407017806081
436.13183710651
562.442954081275
804.225965719637
459.982120797965
949.600350824613
427.067125795445
612.753131260397
544.895244484373
261.537282443406
121.27753481187
738.49642907479
954.723935962263
826.662458762729
420.126958742045
380.652359897452
300.013577804993
459.833679612233
812.670118375412
372.734747664973
752.951755105309
80.9288243672038
636.932121706637
235.678731627294
737.597222731022
646.385747652792
787.525114298964
488.568793657857
438.467951561014
551.832987897651
439.740960738309
629.840128144422
347.791249013664
862.337615638129
485.686779330465
615.866860885822
342.128551956469
329.402622816834
575.232335071742
235.517856349737
362.112612884399
493.65878544475
381.059160851
860.472450039699
542.755207848516
356.457719588635
784.471597461484
368.380227258234
421.399278790199
603.565466027286
509.749610785918
589.822859011905
23.9886577231851
424.058767474543
631.853811885265
431.850062386169
383.715379470564
681.060343779936
645.034594584548
328.35095904164
312.348845133969
539.145597989022
507.897921120995
1024.78360855395
803.035149305251
523.202989703879
369.498525766776
324.970285692551
601.503019880238
851.312622123367
312.877206267899
933.668484781468
486.834492597799
662.002675047686
624.301565289756
411.555980289547
574.680499381773
421.762434909305
500.236540514877
392.91702253918
353.937253142362
796.011614775011
714.66254263948
813.615315841811
201.199756638017
690.766920608832
621.648910034323
338.38400618431
452.787613848176
312.428032903978
392.957523678151
799.995896963103
374.548010714353
968.953212266596
366.158478272713
1051.43772051517
507.292177859041
287.434685219143
517.347819479422
487.353474322336
386.62816689642
346.4183281104
436.598900481721
634.253667957587
495.065054555122
478.588147846497
524.986703710163
478.774002168178
621.570642980091
654.37144905394
527.580501345636
584.426225130784
448.273534140418
365.672584876798
381.377859671453
451.240653808501
298.730509176336
695.317189352591
583.483914106933
710.229151256612
406.538315222497
102.87826887763
750.220358404837
113.817136291218
241.783143617321
388.118581784816
155.441523778666
405.27115376551
508.530060807135
469.436868569748
428.81746319952
586.271832793526
603.160626020233
356.775785722907
438.321707082099
855.174658172505
656.96907307615
776.491130243313
379.805484576789
472.983168970744
351.130985659941
447.702401715859
354.999794860915
386.559374645715
160.304753597916
383.944305910081
903.977652356182
605.207039157419
587.257999563105
519.354850630727
908.193628396923
584.005411635882
532.525385520435
564.182664435434
357.443660373779
440.345256279955
714.149462799928
566.307541458709
196.132487623265
1028.93673073538
196.467806267909
520.117459974889
368.073269104899
317.69321669812
275.699605300028
804.417864331307
596.456778940699
105.655101175161
332.589351055656
469.255820021907
379.829221529818
224.152917191936
404.653281929671
587.99417524593
347.891607037023
654.492320884263
367.915099812799
498.016878758439
223.580801066587
299.675416054081
417.297734512847
818.104360887883
729.96419620629
563.95930283882
761.461687908547
-94.4060544031114
241.653403507575
534.079663782932
571.072424449561
610.062878734635
259.041304740492
546.953014640583
75.7674429857495
522.864760510918
301.41792357493
616.650140938073
343.732903115252
-17.4931533459468
520.877869117184
526.271900749176
405.11584095667
248.585983185612
71.713364491897
429.753829451392
636.059151513246
199.064287048889
130.979246631896
580.622853322201
553.5095770276
408.657260184987
502.498957885337
532.043588980609
546.493982384388
464.11729441307
747.935017745534
569.584099799754
11.4136705763719
404.065775542577
374.571653631264
580.230408998708
636.246145726725
443.32198160369
124.866871366667
295.966741545975
586.987903949542
705.169781928488
10.1589684861041
714.41584560356
417.227856856318
577.771004321347
421.201525390702
454.760906465178
700.428147016642
618.66625064007
337.057178746817
35.4793931042632
807.292859619382
531.993264864323
83.1054581334217
504.430413950858
554.999076556062
616.052254214607
558.269223537621
273.078414393749
627.503614101311
525.873760088721
204.5591709071
327.100482872637
899.946905540951
622.561016719477
229.34429564491
574.1245043287
460.229013195558
285.485527792392
383.222966839459
508.950930987389
299.918227672117
524.14796012181
537.724255339609
982.821677392655
390.096791568503
292.744800613026
294.727225559174
572.81327429768
546.295787624464
183.691310245388
664.947808521386
143.968030314232
412.315583138235
470.058908707023
506.952404353251
418.633907973867
552.885000274769
224.56697301367
223.774102918514
511.157185418095
797.110984152747
618.514270690725
481.452835579448
189.081123725374
549.315639541545
649.323492514057
416.881927947869
732.434537975616
542.889866766031
687.111453226278
594.85420101194
364.046366087312
379.765388240176
667.896658792927
641.963936412307
770.246011509074
590.987362999508
578.871937380276
547.698014265257
500.490690265861
664.983516568251
570.477610737663
394.158712529087
643.854860515546
378.098745796275
498.524574322932
201.948191447487
444.407797659616
420.988752243922
509.524925767648
656.987840297741
181.462277028401
738.390032762859
180.881458116138
642.402999953772
443.332614625262
680.127975731942
476.721053003855
715.523461609846
52.3069448830196
395.721102130621
488.916203433255
54.6989527232346
736.820805428439
511.085131328665
455.569040965652
646.930120122648
311.346341654682
596.066644513481
410.824163702225
403.513861606469
437.347201348179
647.6380384226
840.691681851599
406.742977861393
443.001457010396
617.512577313761
688.114755117214
253.922119085753
405.034581263287
445.960790362463
146.876944572017
528.148463172676
483.576736372706
377.793394452119
162.387498801137
737.346714215227
98.4549366080998
402.940330345392
365.371444241216
739.407113555747
342.812683941719
482.951578102949
623.955434466496
615.857361576491
384.495560100893
287.921943375308
585.783042773007
476.137593172415
514.555801695498
207.62189144251
474.053231749038
366.650470969901
311.99654665621
662.15286890682
532.898149520869
393.67307835123
782.719492783503
356.41873100329
542.92846492474
654.925633803406
485.777935542943
316.586345226151
641.103055363601
534.80907841427
228.590833164173
604.437989851458
438.312426339193
542.401563424363
661.460202505917
371.649092469211
373.835105509759
409.426699618912
255.488068268709
641.450869420919
420.609217168954
586.225359295098
610.785112684706
609.594574310802
899.869454617472
715.136626243214
463.651802281708
408.197483856165
599.297702843351
562.091886620856
617.107614608579
641.032852563235
112.061519693061
322.032567232077
602.182781258903
423.629775019275
633.410926949341
468.628530170039
547.811965722047
369.143203232452
504.121478925876
721.018072582494
945.472179684951
413.06004650254
167.420680192367
629.14311248824
694.674850849023
473.378029984158
432.284653877382
326.334204359698
529.787815219038
269.210273696181
539.894695898674
491.690293859667
548.202127724804
727.733545043161
257.634469170808
569.610208141115
989.281546386901
613.488557884654
992.909737361812
7.31567181008973
888.020380092572
234.727610992698
527.337241523256
429.57244896486
601.619140534553
237.305532165221
318.180113432782
565.217206391077
157.909087510292
405.83639022175
560.896265114421
272.823574020053
707.816319297601
437.17000533568
710.69296443325
586.039518828957
520.247150426192
581.46236913851
588.621525809674
-136.302997904192
400.97709469477
594.221736308346
679.128419742953
412.095487851201
384.850805640664
548.821695482165
613.047516676952
246.479876366441
780.206396359271
370.334392043109
368.559662819357
406.655337089558
692.450163302601
599.621953858474
735.104286776471
629.047397090457
239.895245159633
969.089400187598
330.536815021485
442.290949934219
427.934559969227
476.23848229871
427.886501372223
473.289155220889
956.093385088558
393.770505033755
624.05016670597
297.737290151133
586.509686637873
329.391072727413
409.375260382748
319.081787374619
-69.9826377850608
841.476022200705
316.977950730622
604.710591366802
494.966415670749
604.868682464849
388.368976450939
807.831410655148
331.804010765975
524.102189652032
757.392550495954
643.408431825005
571.424604709837
700.442396306179
573.439365351462
933.113376049386
280.012351043465
330.276966177816
935.485515078169
676.706925385733
45.6523858520019
599.499139249276
573.769769047122
526.383229053635
656.617430594889
690.535820736172
545.8726611602
284.089078727211
432.842630142957
748.827143779307
444.860279770034
561.841155819771
712.778954478527
449.80943315953
390.873189809573
972.425644051193
655.641020094211
364.857237153719
415.277443367794
347.644474395397
913.699205726173
544.125436735874
640.005734772215
334.330174399103
437.19912963493
535.024250922307
472.819154151049
301.956060840292
287.971633750893
499.49114647386
650.386962867286
687.889089624548
840.13809986998
822.284807226748
532.585156451668
523.262779247494
392.889614699559
179.601149297357
353.979676274473
236.944876472782
297.63482307123
401.43069862699
776.214464065054
481.892218094904
421.263721076193
677.797728600372
597.120142757557
420.005051208327
38.1750294980838
126.619308969663
659.861925693226
551.602526458275
414.90229797553
638.542560492518
823.481159576438
500.490699798249
433.249464351632
736.200841272203
593.426853994866
617.125589403851
408.665707571592
414.350052928396
665.198805166647
525.123501830762
398.700583628047
559.917804601241
641.84607065539
373.306808350355
335.959197904075
317.586453993164
528.657725579739
240.043950108614
1032.80906597826
312.130808006197
274.489864089882
505.201616648895
353.271974556734
716.584092999686
245.101403287477
671.918360144852
475.465581357995
314.230112935412
537.317716596062
711.988148666093
151.910884795871
600.650527073482
644.17627203088
1037.5097128695
530.161446899809
363.42434026754
799.545262730521
589.290916137905
496.310615460205
352.087798272555
490.790480732863
595.770780806369
752.436457352223
620.528809045021
503.019965010738
754.57118087386
1046.02162660391
585.326981091684
498.571434317725
504.797077361543
492.639007612766
628.727226075863
572.697124981147
390.911860507739
345.573704753406
916.822328433133
433.06699175736
914.287921702268
375.338672513925
252.2815565955
742.605851853456
243.790225994427
329.276713384292
264.166223066166
565.88951734212
186.883650004301
602.927443770026
437.838980493492
527.698271807528
567.597423831716
595.440890397406
304.686966343937
1034.97144519709
322.33879403343
194.456980754246
502.392052437178
256.500952854529
412.61859929777
753.274628303583
415.074658254287
201.41138081213
611.883527652551
484.653599722488
548.165454493028
517.031487062828
848.106817874821
644.317614031182
354.92476881621
267.489264531734
520.225982415449
755.689030345103
876.088616688212
483.346871615351
467.358639922393
414.268362262131
607.089954150255
415.485637945882
534.393936795689
300.319058360514
596.559650839176
428.360979859016
626.326912186753
669.277802084225
707.860924426627
448.120592671242
249.014399568061
533.377279739333
448.808134902456
490.150687197149
436.542026000805
487.382849283429
478.11289088998
646.434684070406
511.009244557009
582.172539529784
545.901888067275
61.7892714470731
312.947797868989
417.254802884984
432.658859350902
307.39726775223
709.127659412976
636.738603700687
445.555566901202
268.358828186006
366.350230630688
1053.5348151788
225.12069353125
312.721794556003
656.224755271593
545.471442587005
185.557240425876
540.446943548915
343.916216146659
427.598976599867
65.0428187356104
630.24160398584
640.837343858721
515.347126926746
293.937498161429
429.472228646688
559.621683305526
799.348816595956
135.491201880138
532.441359449352
231.370639277964
404.608774002514
185.065141595554
780.475816673912
249.121190630748
548.788378393472
441.165288995445
-27.6599245791375
738.42775097091
549.062671478349
526.871921686892
540.797033821365
660.545437235592
215.572295403319
685.19552575447
647.695692848387
735.480640763116
584.358529198953
423.805048463231
455.553936262357
249.204503733338
53.0360554906383
146.860379113599
155.27174802853
369.748168059259
819.902450314299
829.881854777907
499.529268518306
609.937926871526
621.871862436963
378.63965513131
598.955999814894
530.180477737305
192.433947556372
562.954398389299
550.126774410367
660.056621322822
596.963528354135
760.092366761715
577.062647798262
864.265404177956
510.766870436823
235.152299842982
861.694509198262
509.153431857763
374.508315568796
626.510098981825
201.479363969817
496.085904057615
702.197561387335
41.3614821877793
690.354540935057
292.065217373472
162.494413691977
441.95748219765
531.527773050072
427.096488792604
766.427085267892
477.310578951937
702.381461307153
346.308780475698
276.447826649907
464.212840783301
575.407170532083
240.899297738264
176.031419642365
409.935010723111
530.669888732889
826.357990293084
219.259217415403
150.126110800336
366.253261539818
441.06102467485
480.710804038746
534.212323370073
481.338014379652
632.160627836827
336.626384559145
218.670933289585
448.337505933865
683.793606780282
655.353418740832
235.974568544058
622.378643084998
512.304741916058
585.883913925934
370.018917104742
366.556028446942
429.325276788733
368.018774456518
950.176112913818
737.302524176465
267.435474459306
461.48968458244
839.210231205344
979.339600787364
538.158267605387
251.794315309762
590.39589570437
676.780682284729
668.687454467293
712.327476626245
449.135953582785
466.91073515462
258.25915902495
783.049984166115
294.49035828496
717.672838943501
579.090361154134
588.210416486414
753.659535605899
584.701585271961
689.636431929473
305.781386332912
581.863376465874
530.422647872523
578.430829614771
743.15183638963
532.867318759882
520.946414438807
350.84621931064
492.856573454886
388.625167329567
286.89562646212
598.484089236031
543.444077762801
741.954660931945
753.448128116915
344.160520600349
909.219410627626
389.759388706404
651.973420866741
533.739655968281
236.939964910385
411.406268632994
593.789713424089
651.938046409295
566.346322680125
650.782290323394
582.712143279825
511.501128494927
440.987149970672
447.894312857566
86.2641493765402
492.778421302715
338.269051055032
819.433643175741
834.044529472672
677.030186439233
221.696922439999
238.212524197862
656.44075598554
690.756980332481
469.957458509989
846.260696190094
635.814070891374
515.561896196996
-127.614323982347
266.166588794439
332.295309047958
496.467369451903
157.336252213805
464.773954137452
582.369625398265
782.255394224013
706.997392365823
522.602000865157
728.448683221618
601.962838458661
166.181618079985
576.394658532819
765.434615195595
391.405619155054
474.385157421749
796.588886253752
439.505940033799
367.198766262806
511.218074244359
531.814567385964
418.663638611352
441.077033050095
478.836240536849
48.1937942012273
487.439904051929
586.939942979231
40.3000180399996
390.707634767093
566.382488221102
732.549793670011
765.7354606253
312.993010071395
246.242589209705
402.586897267062
872.733075439706
150.425738944566
385.725124860407
544.804958100537
492.464817949556
924.470887221923
566.566741423273
527.473451031579
185.855484970981
250.759648759947
351.903003074455
756.484005921867
316.835439624164
610.535766758118
544.588239121447
522.911014310789
474.569074081892
430.420257816112
465.770950127851
492.704491398802
222.553386172256
792.339648599499
563.832035356795
462.929118864241
345.99563850984
361.362804552296
567.122041402344
266.360805228191
494.445523405362
754.294131831935
667.902217010624
130.602348208295
107.212614596563
472.818685414082
492.95396156593
615.784808088095
547.50029861563
195.095283795023
937.509456843527
531.465638193646
352.752147013198
650.642809838301
371.21120060397
361.397667613366
250.845762740658
202.92429245907
493.546974959708
281.479535327821
638.63582954188
659.144878126935
592.506676653482
657.223458880142
494.385476299411
824.469136510063
416.436418759545
601.797759398463
773.970728251894
466.32355026677
632.725591410498
543.171342454546
686.496208172865
270.299203604778
290.95251616995
485.303895406237
543.474199313478
148.090420580482
250.630070182643
108.334929429483
488.08658501941
516.88287478943
463.437265354348
804.534424964301
327.634277753394
298.374933250667
